Date	Quarter	Year	Mortgage	Housing starts	Sales	Log Sales	Time	Time sq	Q1	Q2	Q3
Apr-83	Q1	1.983000000e+003	1.310000000e+001	3.667000000e+000	2.995320000e+002	2.476443226e+000	1.000000000e+000	1.000000000e+000	1.000000000e+000	0.000000000e+000	0.000000000e+000
Jul-83	Q2	1.983000000e+003	1.308000000e+001	5.097000000e+000	4.180570000e+002	2.621235500e+000	2.000000000e+000	4.000000000e+000	0.000000000e+000	1.000000000e+000	0.000000000e+000
Oct-83	Q3	1.983000000e+003	1.380000000e+001	4.910000000e+000	3.819610000e+002	2.582019022e+000	3.000000000e+000	9.000000000e+000	0.000000000e+000	0.000000000e+000	1.000000000e+000
Jan-84	Q4	1.984000000e+003	1.342000000e+001	3.534000000e+000	3.310260000e+002	2.519862106e+000	4.000000000e+000	1.600000000e+001	0.000000000e+000	0.000000000e+000	0.000000000e+000
Apr-84	Q1	1.984000000e+003	1.334000000e+001	4.402000000e+000	3.803000000e+002	2.580126325e+000	5.000000000e+000	2.500000000e+001	1.000000000e+000	0.000000000e+000	0.000000000e+000
Jul-84	Q2	1.984000000e+003	1.439000000e+001	5.268000000e+000	4.849000000e+002	2.685652184e+000	6.000000000e+000	3.600000000e+001	0.000000000e+000	1.000000000e+000	0.000000000e+000
Oct-84	Q3	1.984000000e+003	1.411000000e+001	4.482000000e+000	4.477000000e+002	2.650987094e+000	7.000000000e+000	4.900000000e+001	0.000000000e+000	0.000000000e+000	1.000000000e+000
Jan-85	Q4	1.985000000e+003	1.309000000e+001	3.305000000e+000	3.758000000e+002	2.574956776e+000	8.000000000e+000	6.400000000e+001	0.000000000e+000	0.000000000e+000	0.000000000e+000
Apr-85	Q1	1.985000000e+003	1.300000000e+001	4.162000000e+000	4.523000000e+002	2.655426588e+000	9.000000000e+000	8.100000000e+001	1.000000000e+000	0.000000000e+000	0.000000000e+000
Jul-85	Q2	1.985000000e+003	1.208000000e+001	4.941000000e+000	5.956000000e+002	2.774954689e+000	1.000000000e+001	1.000000000e+002	0.000000000e+000	1.000000000e+000	0.000000000e+000
Oct-85	Q3	1.985000000e+003	1.198000000e+001	4.814000000e+000	5.490000000e+002	2.739572344e+000	1.100000000e+001	1.210000000e+002	0.000000000e+000	0.000000000e+000	1.000000000e+000
Jan-86	Q4	1.986000000e+003	1.123000000e+001	3.602000000e+000	4.756000000e+002	2.677241846e+000	1.200000000e+001	1.440000000e+002	0.000000000e+000	0.000000000e+000	0.000000000e+000
Apr-86	Q1	1.986000000e+003	1.031000000e+001	4.464000000e+000	5.339920000e+002	2.727534751e+000	1.300000000e+001	1.690000000e+002	1.000000000e+000	0.000000000e+000	0.000000000e+000
Jul-86	Q2	1.986000000e+003	1.045000000e+001	5.422000000e+000	6.578450000e+002	2.818123578e+000	1.400000000e+001	1.960000000e+002	0.000000000e+000	1.000000000e+000	0.000000000e+000
Oct-86	Q3	1.986000000e+003	1.012000000e+001	4.726000000e+000	5.942750000e+002	2.773987461e+000	1.500000000e+001	2.250000000e+002	0.000000000e+000	0.000000000e+000	1.000000000e+000
Jan-87	Q4	1.987000000e+003	9.510000000e+000	3.337000000e+000	4.973680000e+002	2.696677840e+000	1.600000000e+001	2.560000000e+002	0.000000000e+000	0.000000000e+000	0.000000000e+000
Apr-87	Q1	1.987000000e+003	9.380000000e+000	4.033000000e+000	5.691350000e+002	2.755215294e+000	1.700000000e+001	2.890000000e+002	1.000000000e+000	0.000000000e+000	0.000000000e+000
Jul-87	Q2	1.987000000e+003	1.053000000e+001	4.733000000e+000	7.250570000e+002	2.860372150e+000	1.800000000e+001	3.240000000e+002	0.000000000e+000	1.000000000e+000	0.000000000e+000
Oct-87	Q3	1.987000000e+003	1.091000000e+001	4.347000000e+000	6.455580000e+002	2.809935267e+000	1.900000000e+001	3.610000000e+002	0.000000000e+000	0.000000000e+000	1.000000000e+000
Jan-88	Q4	1.988000000e+003	1.072000000e+001	2.824000000e+000	5.024270000e+002	2.701072970e+000	2.000000000e+001	4.000000000e+002	0.000000000e+000	0.000000000e+000	0.000000000e+000
Apr-88	Q1	1.988000000e+003	1.011000000e+001	3.722000000e+000	5.905990000e+002	2.771292707e+000	2.100000000e+001	4.410000000e+002	1.000000000e+000	0.000000000e+000	0.000000000e+000
Jul-88	Q2	1.988000000e+003	1.055000000e+001	4.274000000e+000	7.046060000e+002	2.847946337e+000	2.200000000e+001	4.840000000e+002	0.000000000e+000	1.000000000e+000	0.000000000e+000
Oct-88	Q3	1.988000000e+003	1.057000000e+001	4.030000000e+000	6.521220000e+002	2.814328852e+000	2.300000000e+001	5.290000000e+002	0.000000000e+000	0.000000000e+000	1.000000000e+000
Jan-89	Q4	1.989000000e+003	1.064000000e+001	3.073000000e+000	5.695520000e+002	2.755533381e+000	2.400000000e+001	5.760000000e+002	0.000000000e+000	0.000000000e+000	0.000000000e+000
Apr-89	Q1	1.989000000e+003	1.103000000e+001	3.330000000e+000	6.021300000e+002	2.779690266e+000	2.500000000e+001	6.250000000e+002	1.000000000e+000	0.000000000e+000	0.000000000e+000
Jul-89	Q2	1.989000000e+003	1.042000000e+001	4.096000000e+000	7.462000000e+002	2.872855245e+000	2.600000000e+001	6.760000000e+002	0.000000000e+000	1.000000000e+000	0.000000000e+000
Oct-89	Q3	1.989000000e+003	1.013000000e+001	3.618000000e+000	7.026700000e+002	2.846751412e+000	2.700000000e+001	7.290000000e+002	0.000000000e+000	0.000000000e+000	1.000000000e+000
Jan-90	Q4	1.990000000e+003	9.910000000e+000	2.708000000e+000	5.995500000e+002	2.777825407e+000	2.800000000e+001	7.840000000e+002	0.000000000e+000	0.000000000e+000	0.000000000e+000
Apr-90	Q1	1.990000000e+003	1.034000000e+001	3.144000000e+000	7.209100000e+002	2.857881050e+000	2.900000000e+001	8.410000000e+002	1.000000000e+000	0.000000000e+000	0.000000000e+000
Jul-90	Q2	1.990000000e+003	1.029000000e+001	3.501000000e+000	8.180500000e+002	2.912779849e+000	3.000000000e+001	9.000000000e+002	0.000000000e+000	1.000000000e+000	0.000000000e+000
Oct-90	Q3	1.990000000e+003	1.022000000e+001	2.901000000e+000	7.081200000e+002	2.850106861e+000	3.100000000e+001	9.610000000e+002	0.000000000e+000	0.000000000e+000	1.000000000e+000
Jan-91	Q4	1.991000000e+003	9.850000000e+000	1.913000000e+000	5.860200000e+002	2.767912438e+000	3.200000000e+001	1.024000000e+003	0.000000000e+000	0.000000000e+000	0.000000000e+000
Apr-91	Q1	1.991000000e+003	9.560000000e+000	2.326000000e+000	6.933500000e+002	2.840952520e+000	3.300000000e+001	1.089000000e+003	1.000000000e+000	0.000000000e+000	0.000000000e+000
Jul-91	Q2	1.991000000e+003	9.670000000e+000	3.046000000e+000	8.630100000e+002	2.936015828e+000	3.400000000e+001	1.156000000e+003	0.000000000e+000	1.000000000e+000	0.000000000e+000
Oct-91	Q3	1.991000000e+003	9.130000000e+000	2.831000000e+000	7.902700000e+002	2.897775496e+000	3.500000000e+001	1.225000000e+003	0.000000000e+000	0.000000000e+000	1.000000000e+000
Jan-92	Q4	1.992000000e+003	8.650000000e+000	2.128000000e+000	7.096100000e+002	2.851019727e+000	3.600000000e+001	1.296000000e+003	0.000000000e+000	0.000000000e+000	0.000000000e+000
Apr-92	Q1	1.992000000e+003	8.940000000e+000	2.980000000e+000	8.832830000e+002	2.946099872e+000	3.700000000e+001	1.369000000e+003	1.000000000e+000	0.000000000e+000	0.000000000e+000
Jul-92	Q2	1.992000000e+003	8.540000000e+000	3.392000000e+000	1.061645000e+003	3.025979319e+000	3.800000000e+001	1.444000000e+003	0.000000000e+000	1.000000000e+000	0.000000000e+000
Oct-92	Q3	1.992000000e+003	8.080000000e+000	3.277000000e+000	9.911919000e+002	2.996157744e+000	3.900000000e+001	1.521000000e+003	0.000000000e+000	0.000000000e+000	1.000000000e+000
Jan-93	Q4	1.993000000e+003	8.330000000e+000	2.336000000e+000	9.102979000e+002	2.959183541e+000	4.000000000e+001	1.600000000e+003	0.000000000e+000	0.000000000e+000	0.000000000e+000
Apr-93	Q1	1.993000000e+003	7.640000000e+000	2.879000000e+000	9.921118000e+002	2.996560615e+000	4.100000000e+001	1.681000000e+003	1.000000000e+000	0.000000000e+000	0.000000000e+000
Jul-93	Q2	1.993000000e+003	7.420000000e+000	3.647000000e+000	1.241690900e+003	3.094013498e+000	4.200000000e+001	1.764000000e+003	0.000000000e+000	1.000000000e+000	0.000000000e+000
Oct-93	Q3	1.993000000e+003	6.980000000e+000	3.636000000e+000	1.158369900e+003	3.063847264e+000	4.300000000e+001	1.849000000e+003	0.000000000e+000	0.000000000e+000	1.000000000e+000
Jan-94	Q4	1.994000000e+003	7.230000000e+000	2.772000000e+000	1.145827900e+003	3.059119393e+000	4.400000000e+001	1.936000000e+003	0.000000000e+000	0.000000000e+000	0.000000000e+000
Apr-94	Q1	1.994000000e+003	7.830000000e+000	3.554000000e+000	1.397008100e+003	3.145198924e+000	4.500000000e+001	2.025000000e+003	1.000000000e+000	0.000000000e+000	0.000000000e+000
Jul-94	Q2	1.994000000e+003	8.690000000e+000	4.130000000e+000	1.647019000e+003	3.216698609e+000	4.600000000e+001	2.116000000e+003	0.000000000e+000	1.000000000e+000	0.000000000e+000
Oct-94	Q3	1.994000000e+003	8.840000000e+000	4.005000000e+000	1.579004900e+003	3.198383478e+000	4.700000000e+001	2.209000000e+003	0.000000000e+000	0.000000000e+000	1.000000000e+000
Jan-95	Q4	1.995000000e+003	9.320000000e+000	2.964000000e+000	1.487489000e+003	3.172453763e+000	4.800000000e+001	2.304000000e+003	0.000000000e+000	0.000000000e+000	0.000000000e+000
Apr-95	Q1	1.995000000e+003	8.750000000e+000	3.023000000e+000	1.634689900e+003	3.213435379e+000	4.900000000e+001	2.401000000e+003	1.000000000e+000	0.000000000e+000	0.000000000e+000
Jul-95	Q2	1.995000000e+003	7.950000000e+000	3.830000000e+000	1.978057900e+003	3.296239000e+000	5.000000000e+001	2.500000000e+003	0.000000000e+000	1.000000000e+000	0.000000000e+000
Oct-95	Q3	1.995000000e+003	7.890000000e+000	3.844000000e+000	1.765991900e+003	3.246988707e+000	5.100000000e+001	2.601000000e+003	0.000000000e+000	0.000000000e+000	1.000000000e+000
Jan-96	Q4	1.996000000e+003	7.480000000e+000	2.907000000e+000	1.696701900e+003	3.229605546e+000	5.200000000e+001	2.704000000e+003	0.000000000e+000	0.000000000e+000	0.000000000e+000
Apr-96	Q1	1.996000000e+003	7.790000000e+000	3.585000000e+000	1.906498000e+003	3.280236354e+000	5.300000000e+001	2.809000000e+003	1.000000000e+000	0.000000000e+000	0.000000000e+000
Jul-96	Q2	1.996000000e+003	8.410000000e+000	4.194000000e+000	2.459008100e+003	3.390759959e+000	5.400000000e+001	2.916000000e+003	0.000000000e+000	1.000000000e+000	0.000000000e+000
Oct-96	Q3	1.996000000e+003	8.260000000e+000	4.037000000e+000	2.193239000e+003	3.341085960e+000	5.500000000e+001	3.025000000e+003	0.000000000e+000	0.000000000e+000	1.000000000e+000
Jan-97	Q4	1.997000000e+003	7.880000000e+000	2.868000000e+000	2.041495800e+003	3.309948491e+000	5.600000000e+001	3.136000000e+003	0.000000000e+000	0.000000000e+000	0.000000000e+000
Apr-97	Q1	1.997000000e+003	8.060000000e+000	3.574000000e+000	2.400753900e+003	3.380347643e+000	5.700000000e+001	3.249000000e+003	1.000000000e+000	0.000000000e+000	0.000000000e+000
Jul-97	Q2	1.997000000e+003	7.890000000e+000	4.113000000e+000	2.808085900e+003	3.448410389e+000	5.800000000e+001	3.364000000e+003	0.000000000e+000	1.000000000e+000	0.000000000e+000
Oct-97	Q3	1.997000000e+003	7.560000000e+000	4.047000000e+000	2.530481000e+003	3.403203081e+000	5.900000000e+001	3.481000000e+003	0.000000000e+000	0.000000000e+000	1.000000000e+000
Jan-98	Q4	1.998000000e+003	7.270000000e+000	3.096000000e+000	2.397569100e+003	3.379771133e+000	6.000000000e+001	3.600000000e+003	0.000000000e+000	0.000000000e+000	0.000000000e+000
Apr-98	Q1	1.998000000e+003	7.200000000e+000	3.786000000e+000	3.149779100e+003	3.498280097e+000	6.100000000e+001	3.721000000e+003	1.000000000e+000	0.000000000e+000	0.000000000e+000
Jul-98	Q2	1.998000000e+003	7.110000000e+000	4.589000000e+000	3.733642100e+003	3.572132685e+000	6.200000000e+001	3.844000000e+003	0.000000000e+000	1.000000000e+000	0.000000000e+000
Oct-98	Q3	1.998000000e+003	6.920000000e+000	4.445000000e+000	3.278298100e+003	3.515648442e+000	6.300000000e+001	3.969000000e+003	0.000000000e+000	0.000000000e+000	1.000000000e+000
Jan-99	Q4	1.999000000e+003	6.940000000e+000	3.506000000e+000	3.168821000e+003	3.500897708e+000	6.400000000e+001	4.096000000e+003	0.000000000e+000	0.000000000e+000	0.000000000e+000
Apr-99	Q1	1.999000000e+003	7.020000000e+000	4.021000000e+000	3.771918900e+003	3.576562346e+000	6.500000000e+001	4.225000000e+003	1.000000000e+000	0.000000000e+000	0.000000000e+000
Jul-99	Q2	1.999000000e+003	7.550000000e+000	4.552000000e+000	4.435218800e+003	3.646915049e+000	6.600000000e+001	4.356000000e+003	0.000000000e+000	1.000000000e+000	0.000000000e+000
Oct-99	Q3	1.999000000e+003	8.020000000e+000	4.361000000e+000	3.909188000e+003	3.592086557e+000	6.700000000e+001	4.489000000e+003	0.000000000e+000	0.000000000e+000	1.000000000e+000
Jan-00	Q4	2.000000000e+003	8.070000000e+000	3.450000000e+000	3.789269000e+003	3.578555437e+000	6.800000000e+001	4.624000000e+003	0.000000000e+000	0.000000000e+000	0.000000000e+000
Apr-00	Q1	2.000000000e+003	8.390000000e+000	4.026000000e+000	4.467113300e+003	3.650026968e+000	6.900000000e+001	4.761000000e+003	1.000000000e+000	0.000000000e+000	0.000000000e+000
Jul-00	Q2	2.000000000e+003	8.480000000e+000	4.342000000e+000	5.264250000e+003	3.721336506e+000	7.000000000e+001	4.900000000e+003	0.000000000e+000	1.000000000e+000	0.000000000e+000
Oct-00	Q3	2.000000000e+003	8.050000000e+000	4.100000000e+000	4.504140600e+003	3.653611939e+000	7.100000000e+001	5.041000000e+003	0.000000000e+000	0.000000000e+000	1.000000000e+000
Jan-01	Q4	2.001000000e+003	7.590000000e+000	3.242000000e+000	4.543050800e+003	3.657347593e+000	7.200000000e+001	5.184000000e+003	0.000000000e+000	0.000000000e+000	0.000000000e+000
Apr-01	Q1	2.001000000e+003	7.220000000e+000	3.927000000e+000	5.276363300e+003	3.722334691e+000	7.300000000e+001	5.329000000e+003	1.000000000e+000	0.000000000e+000	0.000000000e+000
Jul-01	Q2	2.001000000e+003	7.330000000e+000	4.638000000e+000	6.126722700e+003	3.787228224e+000	7.400000000e+001	5.476000000e+003	0.000000000e+000	1.000000000e+000	0.000000000e+000
Oct-01	Q3	2.001000000e+003	6.950000000e+000	4.144000000e+000	5.454531300e+003	3.736757438e+000	7.500000000e+001	5.625000000e+003	0.000000000e+000	0.000000000e+000	1.000000000e+000
Jan-02	Q4	2.002000000e+003	7.100000000e+000	3.360000000e+000	5.253480500e+003	3.720447125e+000	7.600000000e+001	5.776000000e+003	0.000000000e+000	0.000000000e+000	0.000000000e+000
Apr-02	Q1	2.002000000e+003	7.060000000e+000	4.074000000e+000	6.470593800e+003	3.810944137e+000	7.700000000e+001	5.929000000e+003	1.000000000e+000	0.000000000e+000	0.000000000e+000
Jul-02	Q2	2.002000000e+003	6.730000000e+000	4.817000000e+000	7.487660200e+003	3.874346127e+000	7.800000000e+001	6.084000000e+003	0.000000000e+000	1.000000000e+000	0.000000000e+000
Oct-02	Q3	2.002000000e+003	6.320000000e+000	4.494000000e+000	6.410000000e+003	3.806858030e+000	7.900000000e+001	6.241000000e+003	0.000000000e+000	0.000000000e+000	1.000000000e+000
