Year	Rating	Five year default	Ten year default	Fifteen year default	Rating level	Rating factor
1.970000000e+003	Aaa	0.000000000e+000	0.000000000e+000	0.000000000e+000	1 (Aaa)	1.000000000e+000
1.970000000e+003	Aa	0.000000000e+000	0.000000000e+000	1.420000000e+000	2 (Aa)	2.000000000e+001
1.970000000e+003	A	0.000000000e+000	4.300000000e-001	9.000000000e-001	3 (A)	1.200000000e+002
1.970000000e+003	Baa	1.430000000e+000	3.060000000e+000	5.420000000e+000	4 (Baa)	3.600000000e+002
1.970000000e+003	Ba	6.390000000e+000	9.600000000e+000	1.425000000e+001	5 (Ba)	1.350000000e+003
1.970000000e+003	B	2.866000000e+001	2.866000000e+001	3.598000000e+001	6 (B)	2.720000000e+003
1.971000000e+003	Aaa	0.000000000e+000	0.000000000e+000	0.000000000e+000	1 (Aaa)	1.000000000e+000
1.971000000e+003	Aa	0.000000000e+000	0.000000000e+000	0.000000000e+000	2 (Aa)	2.000000000e+001
1.971000000e+003	A	3.800000000e-001	7.900000000e-001	1.630000000e+000	3 (A)	1.200000000e+002
1.971000000e+003	Baa	1.070000000e+000	2.920000000e+000	5.630000000e+000	4 (Baa)	3.600000000e+002
1.971000000e+003	Ba	3.700000000e+000	5.910000000e+000	1.324000000e+001	5 (Ba)	1.350000000e+003
1.971000000e+003	B	8.000000000e+000	8.000000000e+000	2.027000000e+001	6 (B)	2.720000000e+003
1.972000000e+003	Aaa	0.000000000e+000	0.000000000e+000	0.000000000e+000	1 (Aaa)	1.000000000e+000
1.972000000e+003	Aa	0.000000000e+000	0.000000000e+000	0.000000000e+000	2 (Aa)	2.000000000e+001
1.972000000e+003	A	0.000000000e+000	0.000000000e+000	1.190000000e+000	3 (A)	1.200000000e+002
1.972000000e+003	Baa	1.500000000e+000	3.250000000e+000	6.630000000e+000	4 (Baa)	3.600000000e+002
1.972000000e+003	Ba	3.310000000e+000	6.340000000e+000	1.911000000e+001	5 (Ba)	1.350000000e+003
1.972000000e+003	B	7.410000000e+000	7.410000000e+000	1.830000000e+001	6 (B)	2.720000000e+003
1.973000000e+003	Aaa	0.000000000e+000	0.000000000e+000	2.700000000e+000	1 (Aaa)	1.000000000e+000
1.973000000e+003	Aa	0.000000000e+000	0.000000000e+000	0.000000000e+000	2 (Aa)	2.000000000e+001
1.973000000e+003	A	0.000000000e+000	3.800000000e-001	1.160000000e+000	3 (A)	1.200000000e+002
1.973000000e+003	Baa	1.910000000e+000	3.670000000e+000	7.990000000e+000	4 (Baa)	3.600000000e+002
1.973000000e+003	Ba	3.090000000e+000	9.490000000e+000	1.985000000e+001	5 (Ba)	1.350000000e+003
1.973000000e+003	B	3.920000000e+000	1.522000000e+001	1.522000000e+001	6 (B)	2.720000000e+003
1.974000000e+003	Aaa	0.000000000e+000	0.000000000e+000	2.440000000e+000	1 (Aaa)	1.000000000e+000
1.974000000e+003	Aa	0.000000000e+000	1.240000000e+000	1.240000000e+000	2 (Aa)	2.000000000e+001
1.974000000e+003	A	0.000000000e+000	7.600000000e-001	2.020000000e+000	3 (A)	1.200000000e+002
1.974000000e+003	Baa	1.740000000e+000	3.600000000e+000	7.370000000e+000	4 (Baa)	3.600000000e+002
1.974000000e+003	Ba	3.470000000e+000	9.010000000e+000	2.083000000e+001	5 (Ba)	1.350000000e+003
1.974000000e+003	B	1.034000000e+001	2.394000000e+001	2.394000000e+001	6 (B)	2.720000000e+003
1.975000000e+003	Aaa	0.000000000e+000	0.000000000e+000	1.960000000e+000	1 (Aaa)	1.000000000e+000
1.975000000e+003	Aa	0.000000000e+000	1.040000000e+000	2.230000000e+000	2 (Aa)	2.000000000e+001
1.975000000e+003	A	0.000000000e+000	3.700000000e-001	1.600000000e+000	3 (A)	1.200000000e+002
1.975000000e+003	Baa	7.800000000e-001	3.610000000e+000	7.160000000e+000	4 (Baa)	3.600000000e+002
1.975000000e+003	Ba	3.830000000e+000	9.140000000e+000	2.288000000e+001	5 (Ba)	1.350000000e+003
1.975000000e+003	B	9.450000000e+000	2.137000000e+001	2.137000000e+001	6 (B)	2.720000000e+003
1.976000000e+003	Aaa	0.000000000e+000	0.000000000e+000	1.590000000e+000	1 (Aaa)	1.000000000e+000
1.976000000e+003	Aa	0.000000000e+000	9.700000000e-001	3.260000000e+000	2 (Aa)	2.000000000e+001
1.976000000e+003	A	0.000000000e+000	6.400000000e-001	2.840000000e+000	3 (A)	1.200000000e+002
1.976000000e+003	Baa	8.600000000e-001	4.690000000e+000	8.950000000e+000	4 (Baa)	3.600000000e+002
1.976000000e+003	Ba	3.810000000e+000	1.049000000e+001	2.199000000e+001	5 (Ba)	1.350000000e+003
1.976000000e+003	B	3.770000000e+000	1.836000000e+001	3.321000000e+001	6 (B)	2.720000000e+003
1.977000000e+003	Aaa	0.000000000e+000	0.000000000e+000	1.590000000e+000	1 (Aaa)	1.000000000e+000
1.977000000e+003	Aa	0.000000000e+000	9.000000000e-001	3.050000000e+000	2 (Aa)	2.000000000e+001
1.977000000e+003	A	0.000000000e+000	1.250000000e+000	4.980000000e+000	3 (A)	1.200000000e+002
1.977000000e+003	Baa	5.600000000e-001	4.830000000e+000	9.820000000e+000	4 (Baa)	3.600000000e+002
1.977000000e+003	Ba	2.880000000e+000	1.462000000e+001	2.703000000e+001	5 (Ba)	1.350000000e+003
1.977000000e+003	B	1.619000000e+001	2.700000000e+001	6.215000000e+001	6 (B)	2.720000000e+003
1.978000000e+003	Aaa	0.000000000e+000	1.390000000e+000	2.800000000e+000	1 (Aaa)	1.000000000e+000
1.978000000e+003	Aa	8.200000000e-001	8.200000000e-001	1.740000000e+000	2 (Aa)	2.000000000e+001
1.978000000e+003	A	0.000000000e+000	1.270000000e+000	4.770000000e+000	3 (A)	1.200000000e+002
1.978000000e+003	Baa	1.310000000e+000	4.630000000e+000	1.013000000e+001	4 (Baa)	3.600000000e+002
1.978000000e+003	Ba	4.500000000e+000	1.681000000e+001	2.975000000e+001	5 (Ba)	1.350000000e+003
1.978000000e+003	B	2.303000000e+001	4.035000000e+001	6.449000000e+001	6 (B)	2.720000000e+003
1.979000000e+003	Aaa	0.000000000e+000	1.300000000e+000	2.610000000e+000	1 (Aaa)	1.000000000e+000
1.979000000e+003	Aa	8.000000000e-001	1.710000000e+000	1.710000000e+000	2 (Aa)	2.000000000e+001
1.979000000e+003	A	6.000000000e-001	2.690000000e+000	4.770000000e+000	3 (A)	1.200000000e+002
1.979000000e+003	Baa	1.930000000e+000	4.590000000e+000	1.066000000e+001	4 (Baa)	3.600000000e+002
1.979000000e+003	Ba	5.840000000e+000	2.061000000e+001	3.502000000e+001	5 (Ba)	1.350000000e+003
1.979000000e+003	B	1.783000000e+001	4.773000000e+001	6.080000000e+001	6 (B)	2.720000000e+003
1.980000000e+003	Aaa	0.000000000e+000	1.140000000e+000	2.310000000e+000	1 (Aaa)	1.000000000e+000
1.980000000e+003	Aa	0.000000000e+000	1.830000000e+000	1.830000000e+000	2 (Aa)	2.000000000e+001
1.980000000e+003	A	8.600000000e-001	3.160000000e+000	5.150000000e+000	3 (A)	1.200000000e+002
1.980000000e+003	Baa	1.610000000e+000	5.570000000e+000	1.096000000e+001	4 (Baa)	3.600000000e+002
1.980000000e+003	Ba	8.640000000e+000	2.355000000e+001	3.915000000e+001	5 (Ba)	1.350000000e+003
1.980000000e+003	B	2.895000000e+001	5.058000000e+001	7.117000000e+001	6 (B)	2.720000000e+003
1.981000000e+003	Aaa	0.000000000e+000	2.320000000e+000	2.320000000e+000	1 (Aaa)	1.000000000e+000
1.981000000e+003	Aa	0.000000000e+000	2.520000000e+000	2.520000000e+000	2 (Aa)	2.000000000e+001
1.981000000e+003	A	2.700000000e-001	2.950000000e+000	5.200000000e+000	3 (A)	1.200000000e+002
1.981000000e+003	Baa	3.530000000e+000	8.280000000e+000	1.067000000e+001	4 (Baa)	3.600000000e+002
1.981000000e+003	Ba	1.214000000e+001	2.838000000e+001	4.067000000e+001	5 (Ba)	1.350000000e+003
1.981000000e+003	B	2.806000000e+001	5.209000000e+001	5.848000000e+001	6 (B)	2.720000000e+003
1.982000000e+003	Aaa	0.000000000e+000	2.310000000e+000	2.310000000e+000	1 (Aaa)	1.000000000e+000
1.982000000e+003	Aa	0.000000000e+000	2.280000000e+000	3.370000000e+000	2 (Aa)	2.000000000e+001
1.982000000e+003	A	1.150000000e+000	3.680000000e+000	4.130000000e+000	3 (A)	1.200000000e+002
1.982000000e+003	Baa	2.700000000e+000	9.390000000e+000	1.100000000e+001	4 (Baa)	3.600000000e+002
1.982000000e+003	Ba	1.883000000e+001	3.297000000e+001	3.684000000e+001	5 (Ba)	1.350000000e+003
1.982000000e+003	B	3.031000000e+001	6.018000000e+001	6.018000000e+001	6 (B)	2.720000000e+003
1.983000000e+003	Aaa	2.060000000e+000	3.200000000e+000	3.200000000e+000	1 (Aaa)	1.000000000e+000
1.983000000e+003	Aa	4.800000000e-001	1.980000000e+000	2.680000000e+000	2 (Aa)	2.000000000e+001
1.983000000e+003	A	2.600000000e-001	3.420000000e+000	3.790000000e+000	3 (A)	1.200000000e+002
1.983000000e+003	Baa	3.740000000e+000	7.730000000e+000	7.730000000e+000	4 (Baa)	3.600000000e+002
1.983000000e+003	Ba	1.391000000e+001	3.149000000e+001	3.637000000e+001	5 (Ba)	1.350000000e+003
1.983000000e+003	B	2.870000000e+001	5.574000000e+001	5.851000000e+001	6 (B)	2.720000000e+003
1.984000000e+003	Aaa	1.210000000e+000	2.570000000e+000	2.570000000e+000	1 (Aaa)	1.000000000e+000
1.984000000e+003	Aa	1.800000000e+000	1.800000000e+000	2.440000000e+000	2 (Aa)	2.000000000e+001
1.984000000e+003	A	1.480000000e+000	4.090000000e+000	4.090000000e+000	3 (A)	1.200000000e+002
1.984000000e+003	Baa	1.740000000e+000	6.430000000e+000	6.430000000e+000	4 (Baa)	3.600000000e+002
1.984000000e+003	Ba	1.787000000e+001	3.587000000e+001	3.860000000e+001	5 (Ba)	1.350000000e+003
1.984000000e+003	B	2.739000000e+001	5.730000000e+001	6.137000000e+001	6 (B)	2.720000000e+003
1.985000000e+003	Aaa	0.000000000e+000	1.360000000e+000		1 (Aaa)	1.000000000e+000
1.985000000e+003	Aa	7.900000000e-001	7.900000000e-001		2 (Aa)	2.000000000e+001
1.985000000e+003	A	2.530000000e+000	4.680000000e+000		3 (A)	1.200000000e+002
1.985000000e+003	Baa	2.770000000e+000	6.460000000e+000		4 (Baa)	3.600000000e+002
1.985000000e+003	Ba	1.872000000e+001	3.290000000e+001		5 (Ba)	1.350000000e+003
1.985000000e+003	B	3.100000000e+001	5.763000000e+001		6 (B)	2.720000000e+003
1.986000000e+003	Aaa	0.000000000e+000	0.000000000e+000		1 (Aaa)	1.000000000e+000
1.986000000e+003	Aa	1.240000000e+000	1.840000000e+000		2 (Aa)	2.000000000e+001
1.986000000e+003	A	1.860000000e+000	2.310000000e+000		3 (A)	1.200000000e+002
1.986000000e+003	Baa	5.250000000e+000	8.340000000e+000		4 (Baa)	3.600000000e+002
1.986000000e+003	Ba	2.021000000e+001	3.440000000e+001		5 (Ba)	1.350000000e+003
1.986000000e+003	B	3.460000000e+001	5.478000000e+001		6 (B)	2.720000000e+003
1.987000000e+003	Aaa	0.000000000e+000	0.000000000e+000		1 (Aaa)	1.000000000e+000
1.987000000e+003	Aa	3.900000000e-001	9.300000000e-001		2 (Aa)	2.000000000e+001
1.987000000e+003	A	1.680000000e+000	1.680000000e+000		3 (A)	1.200000000e+002
1.987000000e+003	Baa	4.970000000e+000	7.230000000e+000		4 (Baa)	3.600000000e+002
1.987000000e+003	Ba	2.372000000e+001	3.368000000e+001		5 (Ba)	1.350000000e+003
1.987000000e+003	B	4.261000000e+001	4.954000000e+001		6 (B)	2.720000000e+003
1.988000000e+003	Aaa	0.000000000e+000	0.000000000e+000		1 (Aaa)	1.000000000e+000
1.988000000e+003	Aa	6.700000000e-001	1.140000000e+000		2 (Aa)	2.000000000e+001
1.988000000e+003	A	1.400000000e+000	1.400000000e+000		3 (A)	1.200000000e+002
1.988000000e+003	Baa	3.650000000e+000	5.060000000e+000		4 (Baa)	3.600000000e+002
1.988000000e+003	Ba	2.361000000e+001	3.107000000e+001		5 (Ba)	1.350000000e+003
1.988000000e+003	B	4.118000000e+001	5.149000000e+001		6 (B)	2.720000000e+003
1.989000000e+003	Aaa	0.000000000e+000	0.000000000e+000		1 (Aaa)	1.000000000e+000
1.989000000e+003	Aa	6.100000000e-001	1.050000000e+000		2 (Aa)	2.000000000e+001
1.989000000e+003	A	5.600000000e-001	5.600000000e-001		3 (A)	1.200000000e+002
1.989000000e+003	Baa	2.930000000e+000	3.400000000e+000		4 (Baa)	3.600000000e+002
1.989000000e+003	Ba	2.399000000e+001	3.054000000e+001		5 (Ba)	1.350000000e+003
1.989000000e+003	B	4.407000000e+001	5.707000000e+001		6 (B)	2.720000000e+003
1.990000000e+003	Aaa	0.000000000e+000			1 (Aaa)	1.000000000e+000
1.990000000e+003	Aa	0.000000000e+000			2 (Aa)	2.000000000e+001
1.990000000e+003	A	0.000000000e+000			3 (A)	1.200000000e+002
1.990000000e+003	Baa	6.300000000e-001			4 (Baa)	3.600000000e+002
1.990000000e+003	Ba	1.791000000e+001			5 (Ba)	1.350000000e+003
1.990000000e+003	B	4.152000000e+001			6 (B)	2.720000000e+003
1.991000000e+003	Aaa	0.000000000e+000			1 (Aaa)	1.000000000e+000
1.991000000e+003	Aa	3.100000000e-001			2 (Aa)	2.000000000e+001
1.991000000e+003	A	0.000000000e+000			3 (A)	1.200000000e+002
1.991000000e+003	Baa	2.800000000e-001			4 (Baa)	3.600000000e+002
1.991000000e+003	Ba	1.009000000e+001			5 (Ba)	1.350000000e+003
1.991000000e+003	B	3.623000000e+001			6 (B)	2.720000000e+003
1.992000000e+003	Aaa	0.000000000e+000			1 (Aaa)	1.000000000e+000
1.992000000e+003	Aa	2.800000000e-001			2 (Aa)	2.000000000e+001
1.992000000e+003	A	0.000000000e+000			3 (A)	1.200000000e+002
1.992000000e+003	Baa	0.000000000e+000			4 (Baa)	3.600000000e+002
1.992000000e+003	Ba	2.830000000e+000			5 (Ba)	1.350000000e+003
1.992000000e+003	B	2.707000000e+001			6 (B)	2.720000000e+003
1.993000000e+003	Aaa	0.000000000e+000			1 (Aaa)	1.000000000e+000
1.993000000e+003	Aa	0.000000000e+000			2 (Aa)	2.000000000e+001
1.993000000e+003	A	0.000000000e+000			3 (A)	1.200000000e+002
1.993000000e+003	Baa	2.600000000e-001			4 (Baa)	3.600000000e+002
1.993000000e+003	Ba	4.930000000e+000			5 (Ba)	1.350000000e+003
1.993000000e+003	B	1.948000000e+001			6 (B)	2.720000000e+003
1.994000000e+003	Aaa	0.000000000e+000			1 (Aaa)	1.000000000e+000
1.994000000e+003	Aa	0.000000000e+000			2 (Aa)	2.000000000e+001
1.994000000e+003	A	0.000000000e+000			3 (A)	1.200000000e+002
1.994000000e+003	Baa	6.600000000e-001			4 (Baa)	3.600000000e+002
1.994000000e+003	Ba	4.670000000e+000			5 (Ba)	1.350000000e+003
1.994000000e+003	B	1.785000000e+001			6 (B)	2.720000000e+003
