Show	Viewers	Network	Type	Comedy	Drama	News	Reality	Sports	ABC	CBS	Fox	NBC	UPN	WB
CSI	2.860000000e+001	CBS	Drama	0.000000000e+000	1.000000000e+000	0.000000000e+000	0.000000000e+000	0.000000000e+000	0.000000000e+000	1.000000000e+000	0.000000000e+000	0.000000000e+000	0.000000000e+000	0.000000000e+000
American Idol (Tuesday)	2.700000000e+001	Fox	Reality	0.000000000e+000	0.000000000e+000	0.000000000e+000	1.000000000e+000	0.000000000e+000	0.000000000e+000	0.000000000e+000	1.000000000e+000	0.000000000e+000	0.000000000e+000	0.000000000e+000
American Idol (Wednesday)	2.540000000e+001	Fox	Reality	0.000000000e+000	0.000000000e+000	0.000000000e+000	1.000000000e+000	0.000000000e+000	0.000000000e+000	0.000000000e+000	1.000000000e+000	0.000000000e+000	0.000000000e+000	0.000000000e+000
Desperate Housewives	2.410000000e+001	ABC	Drama	0.000000000e+000	1.000000000e+000	0.000000000e+000	0.000000000e+000	0.000000000e+000	1.000000000e+000	0.000000000e+000	0.000000000e+000	0.000000000e+000	0.000000000e+000	0.000000000e+000
Survivor Palau	2.090000000e+001	CBS	Reality	0.000000000e+000	0.000000000e+000	0.000000000e+000	1.000000000e+000	0.000000000e+000	0.000000000e+000	1.000000000e+000	0.000000000e+000	0.000000000e+000	0.000000000e+000	0.000000000e+000
CSI Miami	2.090000000e+001	CBS	Drama	0.000000000e+000	1.000000000e+000	0.000000000e+000	0.000000000e+000	0.000000000e+000	0.000000000e+000	1.000000000e+000	0.000000000e+000	0.000000000e+000	0.000000000e+000	0.000000000e+000
Without A Trace	2.050000000e+001	CBS	Drama	0.000000000e+000	1.000000000e+000	0.000000000e+000	0.000000000e+000	0.000000000e+000	0.000000000e+000	1.000000000e+000	0.000000000e+000	0.000000000e+000	0.000000000e+000	0.000000000e+000
Survivor Vanuatu	1.970000000e+001	CBS	Reality	0.000000000e+000	0.000000000e+000	0.000000000e+000	1.000000000e+000	0.000000000e+000	0.000000000e+000	1.000000000e+000	0.000000000e+000	0.000000000e+000	0.000000000e+000	0.000000000e+000
Everybody Loves Raymond	1.890000000e+001	CBS	Comedy	1.000000000e+000	0.000000000e+000	0.000000000e+000	0.000000000e+000	0.000000000e+000	0.000000000e+000	1.000000000e+000	0.000000000e+000	0.000000000e+000	0.000000000e+000	0.000000000e+000
Grey's Anatomy	1.850000000e+001	ABC	Drama	0.000000000e+000	1.000000000e+000	0.000000000e+000	0.000000000e+000	0.000000000e+000	1.000000000e+000	0.000000000e+000	0.000000000e+000	0.000000000e+000	0.000000000e+000	0.000000000e+000
Lost	1.790000000e+001	ABC	Drama	0.000000000e+000	1.000000000e+000	0.000000000e+000	0.000000000e+000	0.000000000e+000	1.000000000e+000	0.000000000e+000	0.000000000e+000	0.000000000e+000	0.000000000e+000	0.000000000e+000
ER	1.750000000e+001	NBC	Drama	0.000000000e+000	1.000000000e+000	0.000000000e+000	0.000000000e+000	0.000000000e+000	0.000000000e+000	0.000000000e+000	0.000000000e+000	1.000000000e+000	0.000000000e+000	0.000000000e+000
Two & A Half Men	1.720000000e+001	CBS	Comedy	1.000000000e+000	0.000000000e+000	0.000000000e+000	0.000000000e+000	0.000000000e+000	0.000000000e+000	1.000000000e+000	0.000000000e+000	0.000000000e+000	0.000000000e+000	0.000000000e+000
Extreme Makeover: Home Edition	1.690000000e+001	ABC	Reality	0.000000000e+000	0.000000000e+000	0.000000000e+000	1.000000000e+000	0.000000000e+000	1.000000000e+000	0.000000000e+000	0.000000000e+000	0.000000000e+000	0.000000000e+000	0.000000000e+000
Monday Night Football	1.630000000e+001	ABC	Sports	0.000000000e+000	0.000000000e+000	0.000000000e+000	0.000000000e+000	1.000000000e+000	1.000000000e+000	0.000000000e+000	0.000000000e+000	0.000000000e+000	0.000000000e+000	0.000000000e+000
The Apprentice 2	1.600000000e+001	NBC	Reality	0.000000000e+000	0.000000000e+000	0.000000000e+000	1.000000000e+000	0.000000000e+000	0.000000000e+000	0.000000000e+000	0.000000000e+000	1.000000000e+000	0.000000000e+000	0.000000000e+000
Cold Case	1.590000000e+001	CBS	Drama	0.000000000e+000	1.000000000e+000	0.000000000e+000	0.000000000e+000	0.000000000e+000	0.000000000e+000	1.000000000e+000	0.000000000e+000	0.000000000e+000	0.000000000e+000	0.000000000e+000
CSI New York	1.450000000e+001	CBS	Drama	0.000000000e+000	1.000000000e+000	0.000000000e+000	0.000000000e+000	0.000000000e+000	0.000000000e+000	1.000000000e+000	0.000000000e+000	0.000000000e+000	0.000000000e+000	0.000000000e+000
Law & Order: SVU	1.440000000e+001	NBC	Drama	0.000000000e+000	1.000000000e+000	0.000000000e+000	0.000000000e+000	0.000000000e+000	0.000000000e+000	0.000000000e+000	0.000000000e+000	1.000000000e+000	0.000000000e+000	0.000000000e+000
Medium	1.430000000e+001	NBC	Drama	0.000000000e+000	1.000000000e+000	0.000000000e+000	0.000000000e+000	0.000000000e+000	0.000000000e+000	0.000000000e+000	0.000000000e+000	1.000000000e+000	0.000000000e+000	0.000000000e+000
Navy NCIS	1.410000000e+001	CBS	Drama	0.000000000e+000	1.000000000e+000	0.000000000e+000	0.000000000e+000	0.000000000e+000	0.000000000e+000	1.000000000e+000	0.000000000e+000	0.000000000e+000	0.000000000e+000	0.000000000e+000
The Apprentice 3	1.410000000e+001	NBC	Reality	0.000000000e+000	0.000000000e+000	0.000000000e+000	1.000000000e+000	0.000000000e+000	0.000000000e+000	0.000000000e+000	0.000000000e+000	1.000000000e+000	0.000000000e+000	0.000000000e+000
60 Minutes	1.390000000e+001	CBS	News	0.000000000e+000	0.000000000e+000	1.000000000e+000	0.000000000e+000	0.000000000e+000	0.000000000e+000	1.000000000e+000	0.000000000e+000	0.000000000e+000	0.000000000e+000	0.000000000e+000
House	1.380000000e+001	Fox	Drama	0.000000000e+000	1.000000000e+000	0.000000000e+000	0.000000000e+000	0.000000000e+000	0.000000000e+000	0.000000000e+000	1.000000000e+000	0.000000000e+000	0.000000000e+000	0.000000000e+000
Law & Order	1.370000000e+001	NBC	Drama	0.000000000e+000	1.000000000e+000	0.000000000e+000	0.000000000e+000	0.000000000e+000	0.000000000e+000	0.000000000e+000	0.000000000e+000	1.000000000e+000	0.000000000e+000	0.000000000e+000
The Amazing Race 7	1.290000000e+001	CBS	Reality	0.000000000e+000	0.000000000e+000	0.000000000e+000	1.000000000e+000	0.000000000e+000	0.000000000e+000	1.000000000e+000	0.000000000e+000	0.000000000e+000	0.000000000e+000	0.000000000e+000
Law & Order: CI	1.280000000e+001	NBC	Drama	0.000000000e+000	1.000000000e+000	0.000000000e+000	0.000000000e+000	0.000000000e+000	0.000000000e+000	0.000000000e+000	0.000000000e+000	1.000000000e+000	0.000000000e+000	0.000000000e+000
Boston Legal	1.250000000e+001	ABC	Drama	0.000000000e+000	1.000000000e+000	0.000000000e+000	0.000000000e+000	0.000000000e+000	1.000000000e+000	0.000000000e+000	0.000000000e+000	0.000000000e+000	0.000000000e+000	0.000000000e+000
Twenty Four	1.250000000e+001	Fox	Drama	0.000000000e+000	1.000000000e+000	0.000000000e+000	0.000000000e+000	0.000000000e+000	0.000000000e+000	0.000000000e+000	1.000000000e+000	0.000000000e+000	0.000000000e+000	0.000000000e+000
Crossing Jordan	1.240000000e+001	NBC	Drama	0.000000000e+000	1.000000000e+000	0.000000000e+000	0.000000000e+000	0.000000000e+000	0.000000000e+000	0.000000000e+000	0.000000000e+000	1.000000000e+000	0.000000000e+000	0.000000000e+000
Las Vegas	1.200000000e+001	NBC	Drama	0.000000000e+000	1.000000000e+000	0.000000000e+000	0.000000000e+000	0.000000000e+000	0.000000000e+000	0.000000000e+000	0.000000000e+000	1.000000000e+000	0.000000000e+000	0.000000000e+000
Sunday Night Movie	1.190000000e+001	CBS	Drama	0.000000000e+000	1.000000000e+000	0.000000000e+000	0.000000000e+000	0.000000000e+000	0.000000000e+000	1.000000000e+000	0.000000000e+000	0.000000000e+000	0.000000000e+000	0.000000000e+000
The West Wing	1.150000000e+001	NBC	Drama	0.000000000e+000	1.000000000e+000	0.000000000e+000	0.000000000e+000	0.000000000e+000	0.000000000e+000	0.000000000e+000	0.000000000e+000	1.000000000e+000	0.000000000e+000	0.000000000e+000
The Amazing Race 6	1.140000000e+001	CBS	Reality	0.000000000e+000	0.000000000e+000	0.000000000e+000	1.000000000e+000	0.000000000e+000	0.000000000e+000	1.000000000e+000	0.000000000e+000	0.000000000e+000	0.000000000e+000	0.000000000e+000
Numb3rs	1.140000000e+001	CBS	Drama	0.000000000e+000	1.000000000e+000	0.000000000e+000	0.000000000e+000	0.000000000e+000	0.000000000e+000	1.000000000e+000	0.000000000e+000	0.000000000e+000	0.000000000e+000	0.000000000e+000
The Biggest Loser	1.100000000e+001	NBC	Reality	0.000000000e+000	0.000000000e+000	0.000000000e+000	1.000000000e+000	0.000000000e+000	0.000000000e+000	0.000000000e+000	0.000000000e+000	1.000000000e+000	0.000000000e+000	0.000000000e+000
Joey	1.100000000e+001	NBC	Comedy	1.000000000e+000	0.000000000e+000	0.000000000e+000	0.000000000e+000	0.000000000e+000	0.000000000e+000	0.000000000e+000	0.000000000e+000	1.000000000e+000	0.000000000e+000	0.000000000e+000
Judging Amy	1.080000000e+001	CBS	Drama	0.000000000e+000	1.000000000e+000	0.000000000e+000	0.000000000e+000	0.000000000e+000	0.000000000e+000	1.000000000e+000	0.000000000e+000	0.000000000e+000	0.000000000e+000	0.000000000e+000
Fear Factor	1.080000000e+001	NBC	Reality	0.000000000e+000	0.000000000e+000	0.000000000e+000	1.000000000e+000	0.000000000e+000	0.000000000e+000	0.000000000e+000	0.000000000e+000	1.000000000e+000	0.000000000e+000	0.000000000e+000
Law & Order: TBJ	1.070000000e+001	NBC	Drama	0.000000000e+000	1.000000000e+000	0.000000000e+000	0.000000000e+000	0.000000000e+000	0.000000000e+000	0.000000000e+000	0.000000000e+000	1.000000000e+000	0.000000000e+000	0.000000000e+000
Will & Grace	1.040000000e+001	NBC	Comedy	1.000000000e+000	0.000000000e+000	0.000000000e+000	0.000000000e+000	0.000000000e+000	0.000000000e+000	0.000000000e+000	0.000000000e+000	1.000000000e+000	0.000000000e+000	0.000000000e+000
The Family Guy	1.040000000e+001	Fox	Comedy	1.000000000e+000	0.000000000e+000	0.000000000e+000	0.000000000e+000	0.000000000e+000	0.000000000e+000	0.000000000e+000	1.000000000e+000	0.000000000e+000	0.000000000e+000	0.000000000e+000
Revelations	1.030000000e+001	NBC	Drama	0.000000000e+000	1.000000000e+000	0.000000000e+000	0.000000000e+000	0.000000000e+000	0.000000000e+000	0.000000000e+000	0.000000000e+000	1.000000000e+000	0.000000000e+000	0.000000000e+000
According To Jim	1.030000000e+001	ABC	Comedy	1.000000000e+000	0.000000000e+000	0.000000000e+000	0.000000000e+000	0.000000000e+000	1.000000000e+000	0.000000000e+000	0.000000000e+000	0.000000000e+000	0.000000000e+000	0.000000000e+000
Still Standing	1.030000000e+001	CBS	Comedy	1.000000000e+000	0.000000000e+000	0.000000000e+000	0.000000000e+000	0.000000000e+000	0.000000000e+000	1.000000000e+000	0.000000000e+000	0.000000000e+000	0.000000000e+000	0.000000000e+000
King of Queens	1.020000000e+001	CBS	Comedy	1.000000000e+000	0.000000000e+000	0.000000000e+000	0.000000000e+000	0.000000000e+000	0.000000000e+000	1.000000000e+000	0.000000000e+000	0.000000000e+000	0.000000000e+000	0.000000000e+000
Alias	1.010000000e+001	ABC	Drama	0.000000000e+000	1.000000000e+000	0.000000000e+000	0.000000000e+000	0.000000000e+000	1.000000000e+000	0.000000000e+000	0.000000000e+000	0.000000000e+000	0.000000000e+000	0.000000000e+000
Stacked	1.010000000e+001	Fox	Comedy	1.000000000e+000	0.000000000e+000	0.000000000e+000	0.000000000e+000	0.000000000e+000	0.000000000e+000	0.000000000e+000	1.000000000e+000	0.000000000e+000	0.000000000e+000	0.000000000e+000
NYPD Blue	1.010000000e+001	ABC	Drama	0.000000000e+000	1.000000000e+000	0.000000000e+000	0.000000000e+000	0.000000000e+000	1.000000000e+000	0.000000000e+000	0.000000000e+000	0.000000000e+000	0.000000000e+000	0.000000000e+000
Listen Up	9.900000000e+000	CBS	Comedy	1.000000000e+000	0.000000000e+000	0.000000000e+000	0.000000000e+000	0.000000000e+000	0.000000000e+000	1.000000000e+000	0.000000000e+000	0.000000000e+000	0.000000000e+000	0.000000000e+000
JAG	9.900000000e+000	CBS	Drama	0.000000000e+000	1.000000000e+000	0.000000000e+000	0.000000000e+000	0.000000000e+000	0.000000000e+000	1.000000000e+000	0.000000000e+000	0.000000000e+000	0.000000000e+000	0.000000000e+000
Supernanny	9.700000000e+000	ABC	Reality	0.000000000e+000	0.000000000e+000	0.000000000e+000	1.000000000e+000	0.000000000e+000	1.000000000e+000	0.000000000e+000	0.000000000e+000	0.000000000e+000	0.000000000e+000	0.000000000e+000
The Simpsons	9.600000000e+000	Fox	Comedy	1.000000000e+000	0.000000000e+000	0.000000000e+000	0.000000000e+000	0.000000000e+000	0.000000000e+000	0.000000000e+000	1.000000000e+000	0.000000000e+000	0.000000000e+000	0.000000000e+000
Wife Swap	9.500000000e+000	ABC	Reality	0.000000000e+000	0.000000000e+000	0.000000000e+000	1.000000000e+000	0.000000000e+000	1.000000000e+000	0.000000000e+000	0.000000000e+000	0.000000000e+000	0.000000000e+000	0.000000000e+000
Third Watch	9.300000000e+000	NBC	Drama	0.000000000e+000	1.000000000e+000	0.000000000e+000	0.000000000e+000	0.000000000e+000	0.000000000e+000	0.000000000e+000	0.000000000e+000	1.000000000e+000	0.000000000e+000	0.000000000e+000
Yes, Dear	9.200000000e+000	CBS	Comedy	1.000000000e+000	0.000000000e+000	0.000000000e+000	0.000000000e+000	0.000000000e+000	0.000000000e+000	1.000000000e+000	0.000000000e+000	0.000000000e+000	0.000000000e+000	0.000000000e+000
Centre of The Universe	9.000000000e+000	CBS	Comedy	1.000000000e+000	0.000000000e+000	0.000000000e+000	0.000000000e+000	0.000000000e+000	0.000000000e+000	1.000000000e+000	0.000000000e+000	0.000000000e+000	0.000000000e+000	0.000000000e+000
Medical Investigation	9.000000000e+000	NBC	Drama	0.000000000e+000	1.000000000e+000	0.000000000e+000	0.000000000e+000	0.000000000e+000	0.000000000e+000	0.000000000e+000	0.000000000e+000	1.000000000e+000	0.000000000e+000	0.000000000e+000
Law & Order: SVU	8.900000000e+000	NBC	Drama	0.000000000e+000	1.000000000e+000	0.000000000e+000	0.000000000e+000	0.000000000e+000	0.000000000e+000	0.000000000e+000	0.000000000e+000	1.000000000e+000	0.000000000e+000	0.000000000e+000
Dateline NBC (Friday)	8.900000000e+000	NBC	News	0.000000000e+000	0.000000000e+000	1.000000000e+000	0.000000000e+000	0.000000000e+000	0.000000000e+000	0.000000000e+000	0.000000000e+000	1.000000000e+000	0.000000000e+000	0.000000000e+000
Rodney	8.800000000e+000	ABC	Comedy	1.000000000e+000	0.000000000e+000	0.000000000e+000	0.000000000e+000	0.000000000e+000	1.000000000e+000	0.000000000e+000	0.000000000e+000	0.000000000e+000	0.000000000e+000	0.000000000e+000
The Bachelor 6	8.800000000e+000	ABC	Reality	0.000000000e+000	0.000000000e+000	0.000000000e+000	1.000000000e+000	0.000000000e+000	1.000000000e+000	0.000000000e+000	0.000000000e+000	0.000000000e+000	0.000000000e+000	0.000000000e+000
America's Funniest Videos	8.700000000e+000	ABC	Comedy	1.000000000e+000	0.000000000e+000	0.000000000e+000	0.000000000e+000	0.000000000e+000	1.000000000e+000	0.000000000e+000	0.000000000e+000	0.000000000e+000	0.000000000e+000	0.000000000e+000
The Bachlorette 3	8.700000000e+000	ABC	Reality	0.000000000e+000	0.000000000e+000	0.000000000e+000	1.000000000e+000	0.000000000e+000	1.000000000e+000	0.000000000e+000	0.000000000e+000	0.000000000e+000	0.000000000e+000	0.000000000e+000
Blind Justice	8.600000000e+000	ABC	Drama	0.000000000e+000	1.000000000e+000	0.000000000e+000	0.000000000e+000	0.000000000e+000	1.000000000e+000	0.000000000e+000	0.000000000e+000	0.000000000e+000	0.000000000e+000	0.000000000e+000
The Simple Life 3	8.600000000e+000	Fox	Reality	0.000000000e+000	0.000000000e+000	0.000000000e+000	1.000000000e+000	0.000000000e+000	0.000000000e+000	0.000000000e+000	1.000000000e+000	0.000000000e+000	0.000000000e+000	0.000000000e+000
Life on A Stick	8.600000000e+000	Fox	Comedy	1.000000000e+000	0.000000000e+000	0.000000000e+000	0.000000000e+000	0.000000000e+000	0.000000000e+000	0.000000000e+000	1.000000000e+000	0.000000000e+000	0.000000000e+000	0.000000000e+000
American Dad	8.500000000e+000	Fox	Comedy	1.000000000e+000	0.000000000e+000	0.000000000e+000	0.000000000e+000	0.000000000e+000	0.000000000e+000	0.000000000e+000	1.000000000e+000	0.000000000e+000	0.000000000e+000	0.000000000e+000
60 Minutes II	8.500000000e+000	CBS	News	0.000000000e+000	0.000000000e+000	1.000000000e+000	0.000000000e+000	0.000000000e+000	0.000000000e+000	1.000000000e+000	0.000000000e+000	0.000000000e+000	0.000000000e+000	0.000000000e+000
Nanny 911	8.400000000e+000	Fox	Reality	0.000000000e+000	0.000000000e+000	0.000000000e+000	1.000000000e+000	0.000000000e+000	0.000000000e+000	0.000000000e+000	1.000000000e+000	0.000000000e+000	0.000000000e+000	0.000000000e+000
20/20	8.400000000e+000	ABC	News	0.000000000e+000	0.000000000e+000	1.000000000e+000	0.000000000e+000	0.000000000e+000	1.000000000e+000	0.000000000e+000	0.000000000e+000	0.000000000e+000	0.000000000e+000	0.000000000e+000
dr. vegas	8.200000000e+000	CBS	Drama	0.000000000e+000	1.000000000e+000	0.000000000e+000	0.000000000e+000	0.000000000e+000	0.000000000e+000	1.000000000e+000	0.000000000e+000	0.000000000e+000	0.000000000e+000	0.000000000e+000
The Bachelor 7	8.100000000e+000	ABC	Reality	0.000000000e+000	0.000000000e+000	0.000000000e+000	1.000000000e+000	0.000000000e+000	1.000000000e+000	0.000000000e+000	0.000000000e+000	0.000000000e+000	0.000000000e+000	0.000000000e+000
Joan Of Arcadia	8.100000000e+000	CBS	Drama	0.000000000e+000	1.000000000e+000	0.000000000e+000	0.000000000e+000	0.000000000e+000	0.000000000e+000	1.000000000e+000	0.000000000e+000	0.000000000e+000	0.000000000e+000	0.000000000e+000
Extreme Makeover: Home Edition: How'd They Do That?	7.900000000e+000	ABC	Reality	0.000000000e+000	0.000000000e+000	0.000000000e+000	1.000000000e+000	0.000000000e+000	1.000000000e+000	0.000000000e+000	0.000000000e+000	0.000000000e+000	0.000000000e+000	0.000000000e+000
Dateline NBC (Sunday)	7.800000000e+000	NBC	News	0.000000000e+000	0.000000000e+000	1.000000000e+000	0.000000000e+000	0.000000000e+000	0.000000000e+000	0.000000000e+000	0.000000000e+000	1.000000000e+000	0.000000000e+000	0.000000000e+000
Trading Spouses	7.800000000e+000	Fox	Reality	0.000000000e+000	0.000000000e+000	0.000000000e+000	1.000000000e+000	0.000000000e+000	0.000000000e+000	0.000000000e+000	1.000000000e+000	0.000000000e+000	0.000000000e+000	0.000000000e+000
The George Lopez Show	7.600000000e+000	ABC	Comedy	1.000000000e+000	0.000000000e+000	0.000000000e+000	0.000000000e+000	0.000000000e+000	1.000000000e+000	0.000000000e+000	0.000000000e+000	0.000000000e+000	0.000000000e+000	0.000000000e+000
Clubhouse	7.600000000e+000	CBS	Drama	0.000000000e+000	1.000000000e+000	0.000000000e+000	0.000000000e+000	0.000000000e+000	0.000000000e+000	1.000000000e+000	0.000000000e+000	0.000000000e+000	0.000000000e+000	0.000000000e+000
CBS Crime Time Saturday	7.500000000e+000	CBS	Drama	0.000000000e+000	1.000000000e+000	0.000000000e+000	0.000000000e+000	0.000000000e+000	0.000000000e+000	1.000000000e+000	0.000000000e+000	0.000000000e+000	0.000000000e+000	0.000000000e+000
My Wife & Kids	7.500000000e+000	ABC	Comedy	1.000000000e+000	0.000000000e+000	0.000000000e+000	0.000000000e+000	0.000000000e+000	1.000000000e+000	0.000000000e+000	0.000000000e+000	0.000000000e+000	0.000000000e+000	0.000000000e+000
$25 Million Hoax	7.300000000e+000	NBC	Reality	0.000000000e+000	0.000000000e+000	0.000000000e+000	1.000000000e+000	0.000000000e+000	0.000000000e+000	0.000000000e+000	0.000000000e+000	1.000000000e+000	0.000000000e+000	0.000000000e+000
America's Most Wanted	7.300000000e+000	Fox	Drama	0.000000000e+000	1.000000000e+000	0.000000000e+000	0.000000000e+000	0.000000000e+000	0.000000000e+000	0.000000000e+000	1.000000000e+000	0.000000000e+000	0.000000000e+000	0.000000000e+000
The OC	7.300000000e+000	Fox	Drama	0.000000000e+000	1.000000000e+000	0.000000000e+000	0.000000000e+000	0.000000000e+000	0.000000000e+000	0.000000000e+000	1.000000000e+000	0.000000000e+000	0.000000000e+000	0.000000000e+000
Father of The Pride	7.300000000e+000	NBC	Comedy	1.000000000e+000	0.000000000e+000	0.000000000e+000	0.000000000e+000	0.000000000e+000	0.000000000e+000	0.000000000e+000	0.000000000e+000	1.000000000e+000	0.000000000e+000	0.000000000e+000
48 Hours Mystery	7.200000000e+000	CBS	Drama	0.000000000e+000	1.000000000e+000	0.000000000e+000	0.000000000e+000	0.000000000e+000	0.000000000e+000	1.000000000e+000	0.000000000e+000	0.000000000e+000	0.000000000e+000	0.000000000e+000
The Swan	7.200000000e+000	Fox	Reality	0.000000000e+000	0.000000000e+000	0.000000000e+000	1.000000000e+000	0.000000000e+000	0.000000000e+000	0.000000000e+000	1.000000000e+000	0.000000000e+000	0.000000000e+000	0.000000000e+000
Cops 2	7.200000000e+000	Fox	Drama	0.000000000e+000	1.000000000e+000	0.000000000e+000	0.000000000e+000	0.000000000e+000	0.000000000e+000	0.000000000e+000	1.000000000e+000	0.000000000e+000	0.000000000e+000	0.000000000e+000
American Dreams	7.200000000e+000	NBC	Drama	0.000000000e+000	1.000000000e+000	0.000000000e+000	0.000000000e+000	0.000000000e+000	0.000000000e+000	0.000000000e+000	0.000000000e+000	1.000000000e+000	0.000000000e+000	0.000000000e+000
Hawaii	7.200000000e+000	NBC	Drama	0.000000000e+000	1.000000000e+000	0.000000000e+000	0.000000000e+000	0.000000000e+000	0.000000000e+000	0.000000000e+000	0.000000000e+000	1.000000000e+000	0.000000000e+000	0.000000000e+000
Scrubs	7.200000000e+000	NBC	Comedy	1.000000000e+000	0.000000000e+000	0.000000000e+000	0.000000000e+000	0.000000000e+000	0.000000000e+000	0.000000000e+000	0.000000000e+000	1.000000000e+000	0.000000000e+000	0.000000000e+000
That 70s Show	7.100000000e+000	Fox	Comedy	1.000000000e+000	0.000000000e+000	0.000000000e+000	0.000000000e+000	0.000000000e+000	0.000000000e+000	0.000000000e+000	1.000000000e+000	0.000000000e+000	0.000000000e+000	0.000000000e+000
Hope & Faith	7.100000000e+000	ABC	Comedy	1.000000000e+000	0.000000000e+000	0.000000000e+000	0.000000000e+000	0.000000000e+000	1.000000000e+000	0.000000000e+000	0.000000000e+000	0.000000000e+000	0.000000000e+000	0.000000000e+000
Eyes	7.100000000e+000	ABC	Drama	0.000000000e+000	1.000000000e+000	0.000000000e+000	0.000000000e+000	0.000000000e+000	1.000000000e+000	0.000000000e+000	0.000000000e+000	0.000000000e+000	0.000000000e+000	0.000000000e+000
PrimeTime Thursday	6.900000000e+000	ABC	News	0.000000000e+000	0.000000000e+000	1.000000000e+000	0.000000000e+000	0.000000000e+000	1.000000000e+000	0.000000000e+000	0.000000000e+000	0.000000000e+000	0.000000000e+000	0.000000000e+000
8 Simple Rules	6.900000000e+000	ABC	Comedy	1.000000000e+000	0.000000000e+000	0.000000000e+000	0.000000000e+000	0.000000000e+000	1.000000000e+000	0.000000000e+000	0.000000000e+000	0.000000000e+000	0.000000000e+000	0.000000000e+000
TV's Most Outrageous Moments	6.800000000e+000	NBC	Comedy	1.000000000e+000	0.000000000e+000	0.000000000e+000	0.000000000e+000	0.000000000e+000	0.000000000e+000	0.000000000e+000	0.000000000e+000	1.000000000e+000	0.000000000e+000	0.000000000e+000
Disney Saturday Night Movie	6.800000000e+000	ABC	Drama	0.000000000e+000	1.000000000e+000	0.000000000e+000	0.000000000e+000	0.000000000e+000	1.000000000e+000	0.000000000e+000	0.000000000e+000	0.000000000e+000	0.000000000e+000	0.000000000e+000
Desperate Housewives	6.800000000e+000	NBC	Drama	0.000000000e+000	1.000000000e+000	0.000000000e+000	0.000000000e+000	0.000000000e+000	0.000000000e+000	0.000000000e+000	0.000000000e+000	1.000000000e+000	0.000000000e+000	0.000000000e+000
Committed	6.700000000e+000	NBC	Comedy	1.000000000e+000	0.000000000e+000	0.000000000e+000	0.000000000e+000	0.000000000e+000	0.000000000e+000	0.000000000e+000	0.000000000e+000	1.000000000e+000	0.000000000e+000	0.000000000e+000
Little House On The Prairie	6.600000000e+000	ABC	Drama	0.000000000e+000	1.000000000e+000	0.000000000e+000	0.000000000e+000	0.000000000e+000	1.000000000e+000	0.000000000e+000	0.000000000e+000	0.000000000e+000	0.000000000e+000	0.000000000e+000
LAX	6.500000000e+000	NBC	Drama	0.000000000e+000	1.000000000e+000	0.000000000e+000	0.000000000e+000	0.000000000e+000	0.000000000e+000	0.000000000e+000	0.000000000e+000	1.000000000e+000	0.000000000e+000	0.000000000e+000
8 Simple Rules (R, 8:30)	6.400000000e+000	ABC	Comedy	1.000000000e+000	0.000000000e+000	0.000000000e+000	0.000000000e+000	0.000000000e+000	1.000000000e+000	0.000000000e+000	0.000000000e+000	0.000000000e+000	0.000000000e+000	0.000000000e+000
Less Than Perfect	6.300000000e+000	ABC	Comedy	1.000000000e+000	0.000000000e+000	0.000000000e+000	0.000000000e+000	0.000000000e+000	1.000000000e+000	0.000000000e+000	0.000000000e+000	0.000000000e+000	0.000000000e+000	0.000000000e+000
Cops	6.300000000e+000	Fox	Drama	0.000000000e+000	1.000000000e+000	0.000000000e+000	0.000000000e+000	0.000000000e+000	0.000000000e+000	0.000000000e+000	1.000000000e+000	0.000000000e+000	0.000000000e+000	0.000000000e+000
7th Heaven	6.200000000e+000	WB	Drama	0.000000000e+000	1.000000000e+000	0.000000000e+000	0.000000000e+000	0.000000000e+000	0.000000000e+000	0.000000000e+000	0.000000000e+000	0.000000000e+000	0.000000000e+000	1.000000000e+000
Extreme Makeover	6.200000000e+000	ABC	Reality	0.000000000e+000	0.000000000e+000	0.000000000e+000	1.000000000e+000	0.000000000e+000	1.000000000e+000	0.000000000e+000	0.000000000e+000	0.000000000e+000	0.000000000e+000	0.000000000e+000
The Contender	6.200000000e+000	NBC	Reality	0.000000000e+000	0.000000000e+000	0.000000000e+000	1.000000000e+000	0.000000000e+000	0.000000000e+000	0.000000000e+000	0.000000000e+000	1.000000000e+000	0.000000000e+000	0.000000000e+000
Complete Savages	6.100000000e+000	ABC	Comedy	1.000000000e+000	0.000000000e+000	0.000000000e+000	0.000000000e+000	0.000000000e+000	1.000000000e+000	0.000000000e+000	0.000000000e+000	0.000000000e+000	0.000000000e+000	0.000000000e+000
Malcolm In The Middle	6.100000000e+000	Fox	Comedy	1.000000000e+000	0.000000000e+000	0.000000000e+000	0.000000000e+000	0.000000000e+000	0.000000000e+000	0.000000000e+000	1.000000000e+000	0.000000000e+000	0.000000000e+000	0.000000000e+000
Arrested Development	5.900000000e+000	Fox	Comedy	1.000000000e+000	0.000000000e+000	0.000000000e+000	0.000000000e+000	0.000000000e+000	0.000000000e+000	0.000000000e+000	1.000000000e+000	0.000000000e+000	0.000000000e+000	0.000000000e+000
Last Comic Standing 3	5.800000000e+000	NBC	Comedy	1.000000000e+000	0.000000000e+000	0.000000000e+000	0.000000000e+000	0.000000000e+000	0.000000000e+000	0.000000000e+000	0.000000000e+000	1.000000000e+000	0.000000000e+000	0.000000000e+000
The Family Guy	5.800000000e+000	Fox	Comedy	1.000000000e+000	0.000000000e+000	0.000000000e+000	0.000000000e+000	0.000000000e+000	0.000000000e+000	0.000000000e+000	1.000000000e+000	0.000000000e+000	0.000000000e+000	0.000000000e+000
The Simpsons (R, Sunday)	5.700000000e+000	Fox	Comedy	1.000000000e+000	0.000000000e+000	0.000000000e+000	0.000000000e+000	0.000000000e+000	0.000000000e+000	0.000000000e+000	1.000000000e+000	0.000000000e+000	0.000000000e+000	0.000000000e+000
Gilmore Girls	5.600000000e+000	WB	Comedy	1.000000000e+000	0.000000000e+000	0.000000000e+000	0.000000000e+000	0.000000000e+000	0.000000000e+000	0.000000000e+000	0.000000000e+000	0.000000000e+000	0.000000000e+000	1.000000000e+000
Wickedly Perfect	5.600000000e+000	CBS	Reality	0.000000000e+000	0.000000000e+000	0.000000000e+000	1.000000000e+000	0.000000000e+000	0.000000000e+000	1.000000000e+000	0.000000000e+000	0.000000000e+000	0.000000000e+000	0.000000000e+000
Jake In Progress (8:30pm)	5.500000000e+000	ABC	Comedy	1.000000000e+000	0.000000000e+000	0.000000000e+000	0.000000000e+000	0.000000000e+000	1.000000000e+000	0.000000000e+000	0.000000000e+000	0.000000000e+000	0.000000000e+000	0.000000000e+000
Jake In Progress (8pm)	5.400000000e+000	ABC	Comedy	1.000000000e+000	0.000000000e+000	0.000000000e+000	0.000000000e+000	0.000000000e+000	1.000000000e+000	0.000000000e+000	0.000000000e+000	0.000000000e+000	0.000000000e+000	0.000000000e+000
The Office	5.400000000e+000	NBC	Comedy	1.000000000e+000	0.000000000e+000	0.000000000e+000	0.000000000e+000	0.000000000e+000	0.000000000e+000	0.000000000e+000	0.000000000e+000	1.000000000e+000	0.000000000e+000	0.000000000e+000
NBC Saturday Movie	5.300000000e+000	NBC	Drama	0.000000000e+000	1.000000000e+000	0.000000000e+000	0.000000000e+000	0.000000000e+000	0.000000000e+000	0.000000000e+000	0.000000000e+000	1.000000000e+000	0.000000000e+000	0.000000000e+000
Quintuplets	5.200000000e+000	Fox	Comedy	1.000000000e+000	0.000000000e+000	0.000000000e+000	0.000000000e+000	0.000000000e+000	0.000000000e+000	0.000000000e+000	1.000000000e+000	0.000000000e+000	0.000000000e+000	0.000000000e+000
King of The Hill	5.100000000e+000	Fox	Comedy	1.000000000e+000	0.000000000e+000	0.000000000e+000	0.000000000e+000	0.000000000e+000	0.000000000e+000	0.000000000e+000	1.000000000e+000	0.000000000e+000	0.000000000e+000	0.000000000e+000
America's Next Top Model 4	5.100000000e+000	UPN	Reality	0.000000000e+000	0.000000000e+000	0.000000000e+000	1.000000000e+000	0.000000000e+000	0.000000000e+000	0.000000000e+000	0.000000000e+000	0.000000000e+000	1.000000000e+000	0.000000000e+000
Swimsuit Model Search	5.100000000e+000	NBC	Reality	0.000000000e+000	0.000000000e+000	0.000000000e+000	1.000000000e+000	0.000000000e+000	0.000000000e+000	0.000000000e+000	0.000000000e+000	1.000000000e+000	0.000000000e+000	0.000000000e+000
WWE Smackdown!	5.100000000e+000	UPN	Sports	0.000000000e+000	0.000000000e+000	0.000000000e+000	0.000000000e+000	1.000000000e+000	0.000000000e+000	0.000000000e+000	0.000000000e+000	0.000000000e+000	1.000000000e+000	0.000000000e+000
Smallville	5.100000000e+000	WB	Drama	0.000000000e+000	1.000000000e+000	0.000000000e+000	0.000000000e+000	0.000000000e+000	0.000000000e+000	0.000000000e+000	0.000000000e+000	0.000000000e+000	0.000000000e+000	1.000000000e+000
Life Of Luxury	5.100000000e+000	ABC	Reality	0.000000000e+000	0.000000000e+000	0.000000000e+000	1.000000000e+000	0.000000000e+000	1.000000000e+000	0.000000000e+000	0.000000000e+000	0.000000000e+000	0.000000000e+000	0.000000000e+000
America's Next Top Model 3	5.100000000e+000	UPN	Reality	0.000000000e+000	0.000000000e+000	0.000000000e+000	1.000000000e+000	0.000000000e+000	0.000000000e+000	0.000000000e+000	0.000000000e+000	0.000000000e+000	1.000000000e+000	0.000000000e+000
Renovate My Family	5.000000000e+000	Fox	Reality	0.000000000e+000	0.000000000e+000	0.000000000e+000	1.000000000e+000	0.000000000e+000	0.000000000e+000	0.000000000e+000	1.000000000e+000	0.000000000e+000	0.000000000e+000	0.000000000e+000
Friday Night Movie	4.800000000e+000	Fox	Drama	0.000000000e+000	1.000000000e+000	0.000000000e+000	0.000000000e+000	0.000000000e+000	0.000000000e+000	0.000000000e+000	1.000000000e+000	0.000000000e+000	0.000000000e+000	0.000000000e+000
Everwood	4.800000000e+000	WB	Drama	0.000000000e+000	1.000000000e+000	0.000000000e+000	0.000000000e+000	0.000000000e+000	0.000000000e+000	0.000000000e+000	0.000000000e+000	0.000000000e+000	0.000000000e+000	1.000000000e+000
The Bernie Mack Show	4.600000000e+000	Fox	Comedy	1.000000000e+000	0.000000000e+000	0.000000000e+000	0.000000000e+000	0.000000000e+000	0.000000000e+000	0.000000000e+000	1.000000000e+000	0.000000000e+000	0.000000000e+000	0.000000000e+000
Next Great Champ	4.600000000e+000	Fox	Reality	0.000000000e+000	0.000000000e+000	0.000000000e+000	1.000000000e+000	0.000000000e+000	0.000000000e+000	0.000000000e+000	1.000000000e+000	0.000000000e+000	0.000000000e+000	0.000000000e+000
The Bernie Mack Show (R, 8:30)	4.600000000e+000	Fox	Comedy	1.000000000e+000	0.000000000e+000	0.000000000e+000	0.000000000e+000	0.000000000e+000	0.000000000e+000	0.000000000e+000	1.000000000e+000	0.000000000e+000	0.000000000e+000	0.000000000e+000
The Sketch Show	4.500000000e+000	Fox	Comedy	1.000000000e+000	0.000000000e+000	0.000000000e+000	0.000000000e+000	0.000000000e+000	0.000000000e+000	0.000000000e+000	1.000000000e+000	0.000000000e+000	0.000000000e+000	0.000000000e+000
Reba	4.400000000e+000	WB	Comedy	1.000000000e+000	0.000000000e+000	0.000000000e+000	0.000000000e+000	0.000000000e+000	0.000000000e+000	0.000000000e+000	0.000000000e+000	0.000000000e+000	0.000000000e+000	1.000000000e+000
One Tree Hill	4.400000000e+000	WB	Drama	0.000000000e+000	1.000000000e+000	0.000000000e+000	0.000000000e+000	0.000000000e+000	0.000000000e+000	0.000000000e+000	0.000000000e+000	0.000000000e+000	0.000000000e+000	1.000000000e+000
The Benefactor	4.400000000e+000	ABC	Reality	0.000000000e+000	0.000000000e+000	0.000000000e+000	1.000000000e+000	0.000000000e+000	1.000000000e+000	0.000000000e+000	0.000000000e+000	0.000000000e+000	0.000000000e+000	0.000000000e+000
The Will	4.200000000e+000	CBS	Reality	0.000000000e+000	0.000000000e+000	0.000000000e+000	1.000000000e+000	0.000000000e+000	0.000000000e+000	1.000000000e+000	0.000000000e+000	0.000000000e+000	0.000000000e+000	0.000000000e+000
Tru Calling	4.200000000e+000	Fox	Drama	0.000000000e+000	1.000000000e+000	0.000000000e+000	0.000000000e+000	0.000000000e+000	0.000000000e+000	0.000000000e+000	1.000000000e+000	0.000000000e+000	0.000000000e+000	0.000000000e+000
My Big Fat Obnoxious Boss	4.100000000e+000	Fox	Reality	0.000000000e+000	0.000000000e+000	0.000000000e+000	1.000000000e+000	0.000000000e+000	0.000000000e+000	0.000000000e+000	1.000000000e+000	0.000000000e+000	0.000000000e+000	0.000000000e+000
The Rebel Billionaire	4.100000000e+000	Fox	Reality	0.000000000e+000	0.000000000e+000	0.000000000e+000	1.000000000e+000	0.000000000e+000	0.000000000e+000	0.000000000e+000	1.000000000e+000	0.000000000e+000	0.000000000e+000	0.000000000e+000
Point Pleasant	4.100000000e+000	Fox	Drama	0.000000000e+000	1.000000000e+000	0.000000000e+000	0.000000000e+000	0.000000000e+000	0.000000000e+000	0.000000000e+000	1.000000000e+000	0.000000000e+000	0.000000000e+000	0.000000000e+000
North Shore	4.100000000e+000	Fox	Drama	0.000000000e+000	1.000000000e+000	0.000000000e+000	0.000000000e+000	0.000000000e+000	0.000000000e+000	0.000000000e+000	1.000000000e+000	0.000000000e+000	0.000000000e+000	0.000000000e+000
Charmed	4.000000000e+000	WB	Drama	0.000000000e+000	1.000000000e+000	0.000000000e+000	0.000000000e+000	0.000000000e+000	0.000000000e+000	0.000000000e+000	0.000000000e+000	0.000000000e+000	0.000000000e+000	1.000000000e+000
The Apprentice 2	3.800000000e+000	NBC	Reality	0.000000000e+000	0.000000000e+000	0.000000000e+000	1.000000000e+000	0.000000000e+000	0.000000000e+000	0.000000000e+000	0.000000000e+000	1.000000000e+000	0.000000000e+000	0.000000000e+000
World's Craziest Videos	3.800000000e+000	Fox	Comedy	1.000000000e+000	0.000000000e+000	0.000000000e+000	0.000000000e+000	0.000000000e+000	0.000000000e+000	0.000000000e+000	1.000000000e+000	0.000000000e+000	0.000000000e+000	0.000000000e+000
life as we know it	3.800000000e+000	ABC	Drama	0.000000000e+000	1.000000000e+000	0.000000000e+000	0.000000000e+000	0.000000000e+000	1.000000000e+000	0.000000000e+000	0.000000000e+000	0.000000000e+000	0.000000000e+000	0.000000000e+000
Girlfriends	3.800000000e+000	UPN	Comedy	1.000000000e+000	0.000000000e+000	0.000000000e+000	0.000000000e+000	0.000000000e+000	0.000000000e+000	0.000000000e+000	0.000000000e+000	0.000000000e+000	1.000000000e+000	0.000000000e+000
Johnny Zero	3.700000000e+000	Fox	Drama	0.000000000e+000	1.000000000e+000	0.000000000e+000	0.000000000e+000	0.000000000e+000	0.000000000e+000	0.000000000e+000	1.000000000e+000	0.000000000e+000	0.000000000e+000	0.000000000e+000
Totally Outrageous Behavior	3.600000000e+000	Fox	Comedy	1.000000000e+000	0.000000000e+000	0.000000000e+000	0.000000000e+000	0.000000000e+000	0.000000000e+000	0.000000000e+000	1.000000000e+000	0.000000000e+000	0.000000000e+000	0.000000000e+000
Half & Half	3.500000000e+000	UPN	Comedy	1.000000000e+000	0.000000000e+000	0.000000000e+000	0.000000000e+000	0.000000000e+000	0.000000000e+000	0.000000000e+000	0.000000000e+000	0.000000000e+000	1.000000000e+000	0.000000000e+000
Blue Collar TV	3.500000000e+000	WB	Comedy	1.000000000e+000	0.000000000e+000	0.000000000e+000	0.000000000e+000	0.000000000e+000	0.000000000e+000	0.000000000e+000	0.000000000e+000	0.000000000e+000	0.000000000e+000	1.000000000e+000
Living With Fran	3.400000000e+000	WB	Comedy	1.000000000e+000	0.000000000e+000	0.000000000e+000	0.000000000e+000	0.000000000e+000	0.000000000e+000	0.000000000e+000	0.000000000e+000	0.000000000e+000	0.000000000e+000	1.000000000e+000
Britney & Kevin: Chaotic	3.400000000e+000	UPN	Reality	0.000000000e+000	0.000000000e+000	0.000000000e+000	1.000000000e+000	0.000000000e+000	0.000000000e+000	0.000000000e+000	0.000000000e+000	0.000000000e+000	1.000000000e+000	0.000000000e+000
One On One	3.300000000e+000	UPN	Comedy	1.000000000e+000	0.000000000e+000	0.000000000e+000	0.000000000e+000	0.000000000e+000	0.000000000e+000	0.000000000e+000	0.000000000e+000	0.000000000e+000	1.000000000e+000	0.000000000e+000
Blue Collar TV (R, Thur 8:30)	3.200000000e+000	WB	Comedy	1.000000000e+000	0.000000000e+000	0.000000000e+000	0.000000000e+000	0.000000000e+000	0.000000000e+000	0.000000000e+000	0.000000000e+000	0.000000000e+000	0.000000000e+000	1.000000000e+000
Cuts	3.200000000e+000	UPN	Comedy	1.000000000e+000	0.000000000e+000	0.000000000e+000	0.000000000e+000	0.000000000e+000	0.000000000e+000	0.000000000e+000	0.000000000e+000	0.000000000e+000	1.000000000e+000	0.000000000e+000
Summerland	3.200000000e+000	WB	Drama	0.000000000e+000	1.000000000e+000	0.000000000e+000	0.000000000e+000	0.000000000e+000	0.000000000e+000	0.000000000e+000	0.000000000e+000	0.000000000e+000	0.000000000e+000	1.000000000e+000
Second Time Around	3.100000000e+000	WB	Comedy	1.000000000e+000	0.000000000e+000	0.000000000e+000	0.000000000e+000	0.000000000e+000	0.000000000e+000	0.000000000e+000	0.000000000e+000	0.000000000e+000	0.000000000e+000	1.000000000e+000
Kevin Hill	3.100000000e+000	UPN	Drama	0.000000000e+000	1.000000000e+000	0.000000000e+000	0.000000000e+000	0.000000000e+000	0.000000000e+000	0.000000000e+000	0.000000000e+000	0.000000000e+000	1.000000000e+000	0.000000000e+000
Enterprise	3.100000000e+000	UPN	Drama	0.000000000e+000	1.000000000e+000	0.000000000e+000	0.000000000e+000	0.000000000e+000	0.000000000e+000	0.000000000e+000	0.000000000e+000	0.000000000e+000	1.000000000e+000	0.000000000e+000
Eve	3.000000000e+000	UPN	Comedy	1.000000000e+000	0.000000000e+000	0.000000000e+000	0.000000000e+000	0.000000000e+000	0.000000000e+000	0.000000000e+000	0.000000000e+000	0.000000000e+000	1.000000000e+000	0.000000000e+000
Road To Stardom	3.000000000e+000	UPN	Reality	0.000000000e+000	0.000000000e+000	0.000000000e+000	1.000000000e+000	0.000000000e+000	0.000000000e+000	0.000000000e+000	0.000000000e+000	0.000000000e+000	1.000000000e+000	0.000000000e+000
All Of Us	2.800000000e+000	UPN	Comedy	1.000000000e+000	0.000000000e+000	0.000000000e+000	0.000000000e+000	0.000000000e+000	0.000000000e+000	0.000000000e+000	0.000000000e+000	0.000000000e+000	1.000000000e+000	0.000000000e+000
Veronica Mars	2.800000000e+000	UPN	Drama	0.000000000e+000	1.000000000e+000	0.000000000e+000	0.000000000e+000	0.000000000e+000	0.000000000e+000	0.000000000e+000	0.000000000e+000	0.000000000e+000	1.000000000e+000	0.000000000e+000
Grounded For Life	2.800000000e+000	WB	Comedy	1.000000000e+000	0.000000000e+000	0.000000000e+000	0.000000000e+000	0.000000000e+000	0.000000000e+000	0.000000000e+000	0.000000000e+000	0.000000000e+000	0.000000000e+000	1.000000000e+000
Drew Carey's Green Screen	2.700000000e+000	WB	Comedy	1.000000000e+000	0.000000000e+000	0.000000000e+000	0.000000000e+000	0.000000000e+000	0.000000000e+000	0.000000000e+000	0.000000000e+000	0.000000000e+000	0.000000000e+000	1.000000000e+000
Steve Harvey's Big Time	2.600000000e+000	WB	Comedy	1.000000000e+000	0.000000000e+000	0.000000000e+000	0.000000000e+000	0.000000000e+000	0.000000000e+000	0.000000000e+000	0.000000000e+000	0.000000000e+000	0.000000000e+000	1.000000000e+000
What I Like About You	2.500000000e+000	WB	Comedy	1.000000000e+000	0.000000000e+000	0.000000000e+000	0.000000000e+000	0.000000000e+000	0.000000000e+000	0.000000000e+000	0.000000000e+000	0.000000000e+000	0.000000000e+000	1.000000000e+000
High School Reunion	2.500000000e+000	WB	Reality	0.000000000e+000	0.000000000e+000	0.000000000e+000	1.000000000e+000	0.000000000e+000	0.000000000e+000	0.000000000e+000	0.000000000e+000	0.000000000e+000	0.000000000e+000	1.000000000e+000
WB Thursday Movie	2.400000000e+000	WB	Drama	0.000000000e+000	1.000000000e+000	0.000000000e+000	0.000000000e+000	0.000000000e+000	0.000000000e+000	0.000000000e+000	0.000000000e+000	0.000000000e+000	0.000000000e+000	1.000000000e+000
Jack & Bobby	2.400000000e+000	WB	Drama	0.000000000e+000	1.000000000e+000	0.000000000e+000	0.000000000e+000	0.000000000e+000	0.000000000e+000	0.000000000e+000	0.000000000e+000	0.000000000e+000	0.000000000e+000	1.000000000e+000
The Complex: Malibu	2.400000000e+000	Fox	Reality	0.000000000e+000	0.000000000e+000	0.000000000e+000	1.000000000e+000	0.000000000e+000	0.000000000e+000	0.000000000e+000	1.000000000e+000	0.000000000e+000	0.000000000e+000	0.000000000e+000
The Starlet	2.200000000e+000	WB	Reality	0.000000000e+000	0.000000000e+000	0.000000000e+000	1.000000000e+000	0.000000000e+000	0.000000000e+000	0.000000000e+000	0.000000000e+000	0.000000000e+000	0.000000000e+000	1.000000000e+000
The Mountain	1.900000000e+000	WB	Drama	0.000000000e+000	1.000000000e+000	0.000000000e+000	0.000000000e+000	0.000000000e+000	0.000000000e+000	0.000000000e+000	0.000000000e+000	0.000000000e+000	0.000000000e+000	1.000000000e+000
Bad Girl's Guide	1.900000000e+000	UPN	Comedy	1.000000000e+000	0.000000000e+000	0.000000000e+000	0.000000000e+000	0.000000000e+000	0.000000000e+000	0.000000000e+000	0.000000000e+000	0.000000000e+000	1.000000000e+000	0.000000000e+000
Charmed (R, 7pm)	1.900000000e+000	WB	Drama	0.000000000e+000	1.000000000e+000	0.000000000e+000	0.000000000e+000	0.000000000e+000	0.000000000e+000	0.000000000e+000	0.000000000e+000	0.000000000e+000	0.000000000e+000	1.000000000e+000
America's Next Top Model 3	1.900000000e+000	UPN	Reality	0.000000000e+000	0.000000000e+000	0.000000000e+000	1.000000000e+000	0.000000000e+000	0.000000000e+000	0.000000000e+000	0.000000000e+000	0.000000000e+000	1.000000000e+000	0.000000000e+000
America's Next Top Model 4	1.800000000e+000	UPN	Reality	0.000000000e+000	0.000000000e+000	0.000000000e+000	1.000000000e+000	0.000000000e+000	0.000000000e+000	0.000000000e+000	0.000000000e+000	0.000000000e+000	1.000000000e+000	0.000000000e+000
Big Man On Campus	1.700000000e+000	WB	Drama	0.000000000e+000	1.000000000e+000	0.000000000e+000	0.000000000e+000	0.000000000e+000	0.000000000e+000	0.000000000e+000	0.000000000e+000	0.000000000e+000	0.000000000e+000	1.000000000e+000
Summerland: Beginnings	1.500000000e+000	WB	Drama	0.000000000e+000	1.000000000e+000	0.000000000e+000	0.000000000e+000	0.000000000e+000	0.000000000e+000	0.000000000e+000	0.000000000e+000	0.000000000e+000	0.000000000e+000	1.000000000e+000
Road to Stardom	1.400000000e+000	UPN	Reality	0.000000000e+000	0.000000000e+000	0.000000000e+000	1.000000000e+000	0.000000000e+000	0.000000000e+000	0.000000000e+000	0.000000000e+000	0.000000000e+000	1.000000000e+000	0.000000000e+000
The Starlet (R, Thur)	1.400000000e+000	WB	Reality	0.000000000e+000	0.000000000e+000	0.000000000e+000	1.000000000e+000	0.000000000e+000	0.000000000e+000	0.000000000e+000	0.000000000e+000	0.000000000e+000	0.000000000e+000	1.000000000e+000
